1.067755901108215e-06 4.394226208406885e-06 0.029 0.049 0.0 0.0 0.11780972450961724 0.0 0.0 3.141592653589793 0.0 3.141592653589793 1.9999532480423485
1.067755901108215e-06 4.394226208406885e-06 0.029 0.049 0.0 0.0 0.039269908169872414 0.0 0.0 3.141592653589793 0.0 3.141592653589793 1.9999814896643426
1.067755901108215e-06 4.394226208406885e-06 0.029 0.049 0.0 0.0 0.07853981633974483 0.0 0.0 3.141592653589793 0.0 3.141592653589793 1.9999843316964536
1.067755901108215e-06 4.394226208406885e-06 0.029 0.049 0.0 0.0 0.0 0.0 0.0 3.141592653589793 0.0 3.141592653589793 1.9999990594348462
1.067755901108215e-06 4.394226208406885e-06 0.029 0.049 0.0 0.0 0.07853981633974483 0.7933314781792408 0.0 3.141592653589793 0.0 3.141592653589793 1.7453671449414514
1.067755901108215e-06 4.394226208406885e-06 0.029 0.049 0.0 0.0 0.039269908169872414 0.7933314781792408 0.0 3.141592653589793 0.0 3.141592653589793 1.9807474698151049
1.067755901108215e-06 4.394226208406885e-06 0.029 0.049 0.0 0.0 0.0 1.5866629563584815 0.0 3.141592653589793 0.0 3.141592653589793 nan
1.067755901108215e-06 4.394226208406885e-06 0.029 0.049 0.0 0.0 0.0 0.7933314781792408 0.0 3.141592653589793 0.0 3.141592653589793 1.987841091436556
1.067755901108215e-06 4.394226208406885e-06 0.029 0.049 0.0 0.0 0.11780972450961724 0.7933314781792408 0.0 3.141592653589793 0.0 3.141592653589793 1.048452656377951
1.067755901108215e-06 4.394226208406885e-06 0.029 0.049 0.0 0.0 0.07853981633974483 2.379994434537722 0.0 3.141592653589793 0.0 3.141592653589793 nan
1.067755901108215e-06 4.394226208406885e-06 0.029 0.049 0.0 0.0 0.07853981633974483 1.5866629563584815 0.0 3.141592653589793 0.0 3.141592653589793 nan
1.067755901108215e-06 4.394226208406885e-06 0.029 0.049 0.0 0.0 0.11780972450961724 2.379994434537722 0.0 3.141592653589793 0.0 3.141592653589793 2.006799245918748
1.067755901108215e-06 4.394226208406885e-06 0.029 0.049 0.0 0.0 0.039269908169872414 2.379994434537722 0.0 3.141592653589793 0.0 3.141592653589793 nan
1.067755901108215e-06 4.394226208406885e-06 0.029 0.049 0.0 0.0 0.0 2.379994434537722 0.0 3.141592653589793 0.0 3.141592653589793 nan
1.067755901108215e-06 4.394226208406885e-06 0.029 0.049 0.0 0.0 0.039269908169872414 1.5866629563584815 0.0 3.141592653589793 0.0 3.141592653589793 nan
1.067755901108215e-06 4.394226208406885e-06 0.029 0.049 0.0 0.0 0.07853981633974483 0.0 0.0 3.141592653589793 0.0 3.141592653589793 2.000000477851979
1.067755901108215e-06 4.394226208406885e-06 0.029 0.049 0.0 0.0 0.0 0.0 0.0 3.141592653589793 0.0 3.141592653589793 1.9999928937404394
1.067755901108215e-06 4.394226208406885e-06 0.029 0.049 0.0 0.0 0.039269908169872414 0.0 0.0 3.141592653589793 0.0 3.141592653589793 2.000008720187546
1.067755901108215e-06 4.394226208406885e-06 0.029 0.049 0.0 0.0 0.11780972450961724 0.0 0.0 3.141592653589793 0.0 3.141592653589793 1.9999867521549213
1.067755901108215e-06 4.394226208406885e-06 0.029 0.049 0.0 0.0 0.07853981633974483 0.7933314781792408 0.0 3.141592653589793 0.0 3.141592653589793 1.7455951345532001
1.067755901108215e-06 4.394226208406885e-06 0.029 0.049 0.0 0.0 0.039269908169872414 0.7933314781792408 0.0 3.141592653589793 0.0 3.141592653589793 1.9800910814234762
1.067755901108215e-06 4.394226208406885e-06 0.029 0.049 0.0 0.0 0.11780972450961724 0.7933314781792408 0.0 3.141592653589793 0.0 3.141592653589793 1.0525155080061803
1.067755901108215e-06 4.394226208406885e-06 0.029 0.049 0.0 0.0 0.0 0.7933314781792408 0.0 3.141592653589793 0.0 3.141592653589793 1.9880420522013824
1.067755901108215e-06 4.394226208406885e-06 0.029 0.049 0.0 0.0 0.11780972450961724 2.379994434537722 0.0 3.141592653589793 0.0 3.141592653589793 2.0041789659881895
1.067755901108215e-06 4.394226208406885e-06 0.029 0.049 0.0 0.0 0.07853981633974483 2.379994434537722 0.0 3.141592653589793 0.0 3.141592653589793 nan
1.067755901108215e-06 4.394226208406885e-06 0.029 0.049 0.0 0.0 0.039269908169872414 1.5866629563584815 0.0 3.141592653589793 0.0 3.141592653589793 nan
1.067755901108215e-06 4.394226208406885e-06 0.029 0.049 0.0 0.0 0.07853981633974483 1.5866629563584815 0.0 3.141592653589793 0.0 3.141592653589793 nan
1.067755901108215e-06 4.394226208406885e-06 0.029 0.049 0.0 0.0 0.0 1.5866629563584815 0.0 3.141592653589793 0.0 3.141592653589793 nan
1.067755901108215e-06 4.394226208406885e-06 0.029 0.049 0.0 0.0 0.039269908169872414 2.379994434537722 0.0 3.141592653589793 0.0 3.141592653589793 nan
1.067755901108215e-06 4.394226208406885e-06 0.029 0.049 0.0 0.0 0.0 2.379994434537722 0.0 3.141592653589793 0.0 3.141592653589793 nan
1.067755901108215e-06 4.394226208406885e-06 0.029 0.049 0.0 0.0 0.07853981633974483 0.03173325912716963 0.0 3.141592653589793 0.0 3.141592653589793 2.000006963454214
1.067755901108215e-06 4.394226208406885e-06 0.029 0.049 0.0 0.0 0.0 0.03173325912716963 0.0 3.141592653589793 0.0 3.141592653589793 1.999999616066276
1.067755901108215e-06 4.394226208406885e-06 0.029 0.049 0.0 0.0 0.039269908169872414 0.03173325912716963 0.0 3.141592653589793 0.0 3.141592653589793 2.0000028608712856
1.067755901108215e-06 4.394226208406885e-06 0.029 0.049 0.0 0.0 0.11780972450961724 0.03173325912716963 0.0 3.141592653589793 0.0 3.141592653589793 2.000009249053457
1.067755901108215e-06 4.394226208406885e-06 0.029 0.049 0.0 0.0 0.11780972450961724 2.4117276936648917 0.0 3.141592653589793 0.0 3.141592653589793 1.9953585263815334
1.067755901108215e-06 4.394226208406885e-06 0.029 0.049 0.0 0.0 0.07853981633974483 0.8250647373064104 0.0 3.141592653589793 0.0 3.141592653589793 0.9922589395481808
1.067755901108215e-06 4.394226208406885e-06 0.029 0.049 0.0 0.0 0.039269908169872414 0.8250647373064104 0.0 3.141592653589793 0.0 3.141592653589793 1.7506790947941733
1.067755901108215e-06 4.394226208406885e-06 0.029 0.049 0.0 0.0 0.11780972450961724 0.8250647373064104 0.0 3.141592653589793 0.0 3.141592653589793 -2.024512312962991
1.067755901108215e-06 4.394226208406885e-06 0.029 0.049 0.0 0.0 0.0 0.8250647373064104 0.0 3.141592653589793 0.0 3.141592653589793 1.978736659980011
1.067755901108215e-06 4.394226208406885e-06 0.029 0.049 0.0 0.0 0.0 1.618396215485651 0.0 3.141592653589793 0.0 3.141592653589793 nan
1.067755901108215e-06 4.394226208406885e-06 0.029 0.049 0.0 0.0 0.07853981633974483 2.4117276936648917 0.0 3.141592653589793 0.0 3.141592653589793 nan
1.067755901108215e-06 4.394226208406885e-06 0.029 0.049 0.0 0.0 0.07853981633974483 1.618396215485651 0.0 3.141592653589793 0.0 3.141592653589793 nan
1.067755901108215e-06 4.394226208406885e-06 0.029 0.049 0.0 0.0 0.039269908169872414 2.4117276936648917 0.0 3.141592653589793 0.0 3.141592653589793 nan
1.067755901108215e-06 4.394226208406885e-06 0.029 0.049 0.0 0.0 0.0 2.4117276936648917 0.0 3.141592653589793 0.0 3.141592653589793 nan
1.067755901108215e-06 4.394226208406885e-06 0.029 0.049 0.0 0.0 0.07853981633974483 0.06346651825433926 0.0 3.141592653589793 0.0 3.141592653589793 1.999999628346441
1.067755901108215e-06 4.394226208406885e-06 0.029 0.049 0.0 0.0 0.0 0.06346651825433926 0.0 3.141592653589793 0.0 3.141592653589793 2.000003932657748
1.067755901108215e-06 4.394226208406885e-06 0.029 0.049 0.0 0.0 0.039269908169872414 0.06346651825433926 0.0 3.141592653589793 0.0 3.141592653589793 2.000008695314767
1.067755901108215e-06 4.394226208406885e-06 0.029 0.049 0.0 0.0 0.11780972450961724 0.06346651825433926 0.0 3.141592653589793 0.0 3.141592653589793 2.000004168806844
1.067755901108215e-06 4.394226208406885e-06 0.029 0.049 0.0 0.0 0.11780972450961724 2.443460952792061 0.0 3.141592653589793 0.0 3.141592653589793 1.991743388521924
1.067755901108215e-06 4.394226208406885e-06 0.029 0.049 0.0 0.0 0.07853981633974483 0.85679799643358 0.0 3.141592653589793 0.0 3.141592653589793 -0.3075244750018003
1.067755901108215e-06 4.394226208406885e-06 0.029 0.049 0.0 0.0 0.039269908169872414 0.85679799643358 0.0 3.141592653589793 0.0 3.141592653589793 1.348826132393112
1.067755901108215e-06 4.394226208406885e-06 0.029 0.049 0.0 0.0 0.11780972450961724 0.85679799643358 0.0 3.141592653589793 0.0 3.141592653589793 2.1662152342246017
1.067755901108215e-06 4.394226208406885e-06 0.029 0.049 0.0 0.0 0.0 0.85679799643358 0.0 3.141592653589793 0.0 3.141592653589793 1.8309826476702753
1.067755901108215e-06 4.394226208406885e-06 0.029 0.049 0.0 0.0 0.07853981633974483 1.6501294746128208 0.0 3.141592653589793 0.0 3.141592653589793 nan
1.067755901108215e-06 4.394226208406885e-06 0.029 0.049 0.0 0.0 0.07853981633974483 2.443460952792061 0.0 3.141592653589793 0.0 3.141592653589793 2.004304460127181
1.067755901108215e-06 4.394226208406885e-06 0.029 0.049 0.0 0.0 0.0 1.6501294746128208 0.0 3.141592653589793 0.0 3.141592653589793 nan
1.067755901108215e-06 4.394226208406885e-06 0.029 0.049 0.0 0.0 0.039269908169872414 2.443460952792061 0.0 3.141592653589793 0.0 3.141592653589793 nan
1.067755901108215e-06 4.394226208406885e-06 0.029 0.049 0.0 0.0 0.0 2.443460952792061 0.0 3.141592653589793 0.0 3.141592653589793 nan
1.067755901108215e-06 4.394226208406885e-06 0.029 0.049 0.0 0.0 0.07853981633974483 0.0951997773815089 0.0 3.141592653589793 0.0 3.141592653589793 1.9999982820999493
1.067755901108215e-06 4.394226208406885e-06 0.029 0.049 0.0 0.0 0.0 0.0951997773815089 0.0 3.141592653589793 0.0 3.141592653589793 1.999986881539773
1.067755901108215e-06 4.394226208406885e-06 0.029 0.049 0.0 0.0 0.039269908169872414 0.0951997773815089 0.0 3.141592653589793 0.0 3.141592653589793 1.9999946613317656
1.067755901108215e-06 4.394226208406885e-06 0.029 0.049 0.0 0.0 0.11780972450961724 0.0951997773815089 0.0 3.141592653589793 0.0 3.141592653589793 1.999970801756501
1.067755901108215e-06 4.394226208406885e-06 0.029 0.049 0.0 0.0 0.11780972450961724 2.475194211919231 0.0 3.141592653589793 0.0 3.141592653589793 2.0000588580390137
1.067755901108215e-06 4.394226208406885e-06 0.029 0.049 0.0 0.0 0.07853981633974483 0.8885312555607496 0.0 3.141592653589793 0.0 3.141592653589793 18.330257741434508
1.067755901108215e-06 4.394226208406885e-06 0.029 0.049 0.0 0.0 0.039269908169872414 0.8885312555607496 0.0 3.141592653589793 0.0 3.141592653589793 0.08231866681184424
1.067755901108215e-06 4.394226208406885e-06 0.029 0.049 0.0 0.0 0.07853981633974483 2.475194211919231 0.0 3.141592653589793 0.0 3.141592653589793 1.9913810065907012
1.067755901108215e-06 4.394226208406885e-06 0.029 0.049 0.0 0.0 0.0 0.8885312555607496 0.0 3.141592653589793 0.0 3.141592653589793 1.5398448469106123
1.067755901108215e-06 4.394226208406885e-06 0.029 0.049 0.0 0.0 0.11780972450961724 0.8885312555607496 0.0 3.141592653589793 0.0 3.141592653589793 37.98001394262341
1.067755901108215e-06 4.394226208406885e-06 0.029 0.049 0.0 0.0 0.07853981633974483 1.6818627337399903 0.0 3.141592653589793 0.0 3.141592653589793 nan
1.067755901108215e-06 4.394226208406885e-06 0.029 0.049 0.0 0.0 0.0 1.6818627337399903 0.0 3.141592653589793 0.0 3.141592653589793 nan
1.067755901108215e-06 4.394226208406885e-06 0.029 0.049 0.0 0.0 0.039269908169872414 2.475194211919231 0.0 3.141592653589793 0.0 3.141592653589793 1.9932433800512117
1.067755901108215e-06 4.394226208406885e-06 0.029 0.049 0.0 0.0 0.0 2.475194211919231 0.0 3.141592653589793 0.0 3.141592653589793 nan
1.067755901108215e-06 4.394226208406885e-06 0.029 0.049 0.0 0.0 0.07853981633974483 0.12693303650867852 0.0 3.141592653589793 0.0 3.141592653589793 2.000020808844964
1.067755901108215e-06 4.394226208406885e-06 0.029 0.049 0.0 0.0 0.039269908169872414 0.12693303650867852 0.0 3.141592653589793 0.0 3.141592653589793 1.9999927620188689
1.067755901108215e-06 4.394226208406885e-06 0.029 0.049 0.0 0.0 0.0 0.12693303650867852 0.0 3.141592653589793 0.0 3.141592653589793 2.000014489605249
1.067755901108215e-06 4.394226208406885e-06 0.029 0.049 0.0 0.0 0.11780972450961724 0.12693303650867852 0.0 3.141592653589793 0.0 3.141592653589793 1.9999943478211317
1.067755901108215e-06 4.394226208406885e-06 0.029 0.049 0.0 0.0 0.11780972450961724 2.5069274710464007 0.0 3.141592653589793 0.0 3.141592653589793 1.998572769812958
1.067755901108215e-06 4.394226208406885e-06 0.029 0.049 0.0 0.0 0.07853981633974483 2.5069274710464007 0.0 3.141592653589793 0.0 3.141592653589793 1.99463554593486
1.067755901108215e-06 4.394226208406885e-06 0.029 0.049 0.0 0.0 0.07853981633974483 0.9202645146879193 0.0 3.141592653589793 0.0 3.141592653589793 14.698278962224508
1.067755901108215e-06 4.394226208406885e-06 0.029 0.049 0.0 0.0 0.039269908169872414 0.9202645146879193 0.0 3.141592653589793 0.0 3.141592653589793 -4.278809146452236
1.067755901108215e-06 4.394226208406885e-06 0.029 0.049 0.0 0.0 0.0 0.9202645146879193 0.0 3.141592653589793 0.0 3.141592653589793 -0.08856225065595813
1.067755901108215e-06 4.394226208406885e-06 0.029 0.049 0.0 0.0 0.11780972450961724 0.9202645146879193 0.0 3.141592653589793 0.0 3.141592653589793 -441.4848780225002
1.067755901108215e-06 4.394226208406885e-06 0.029 0.049 0.0 0.0 0.07853981633974483 1.71359599286716 0.0 3.141592653589793 0.0 3.141592653589793 nan
1.067755901108215e-06 4.394226208406885e-06 0.029 0.049 0.0 0.0 0.039269908169872414 2.5069274710464007 0.0 3.141592653589793 0.0 3.141592653589793 1.986994987727164
1.067755901108215e-06 4.394226208406885e-06 0.029 0.049 0.0 0.0 0.0 1.71359599286716 0.0 3.141592653589793 0.0 3.141592653589793 nan
1.067755901108215e-06 4.394226208406885e-06 0.029 0.049 0.0 0.0 0.0 2.5069274710464007 0.0 3.141592653589793 0.0 3.141592653589793 1.9824846227105724
1.067755901108215e-06 4.394226208406885e-06 0.029 0.049 0.0 0.0 0.07853981633974483 0.15866629563584814 0.0 3.141592653589793 0.0 3.141592653589793 2.0000145366392514
1.067755901108215e-06 4.394226208406885e-06 0.029 0.049 0.0 0.0 0.039269908169872414 0.15866629563584814 0.0 3.141592653589793 0.0 3.141592653589793 2.0000135147339915
1.067755901108215e-06 4.394226208406885e-06 0.029 0.049 0.0 0.0 0.0 0.15866629563584814 0.0 3.141592653589793 0.0 3.141592653589793 1.9999945088899898
1.067755901108215e-06 4.394226208406885e-06 0.029 0.049 0.0 0.0 0.11780972450961724 0.15866629563584814 0.0 3.141592653589793 0.0 3.141592653589793 2.000000449397415
1.067755901108215e-06 4.394226208406885e-06 0.029 0.049 0.0 0.0 0.11780972450961724 1.5866629563584815 0.0 3.141592653589793 0.0 3.141592653589793 10.0
1.067755901108215e-06 4.394226208406885e-06 0.029 0.049 0.0 0.0 0.11780972450961724 2.53866073017357 0.0 3.141592653589793 0.0 3.141592653589793 2.0000058199616326
1.067755901108215e-06 4.394226208406885e-06 0.029 0.049 0.0 0.0 0.07853981633974483 2.53866073017357 0.0 3.141592653589793 0.0 3.141592653589793 1.9970302429318512
1.067755901108215e-06 4.394226208406885e-06 0.029 0.049 0.0 0.0 0.07853981633974483 0.9519977738150889 0.0 3.141592653589793 0.0 3.141592653589793 -78.4085835266953
1.067755901108215e-06 4.394226208406885e-06 0.029 0.049 0.0 0.0 0.039269908169872414 0.9519977738150889 0.0 3.141592653589793 0.0 3.141592653589793 -116.02489882224747
1.067755901108215e-06 4.394226208406885e-06 0.029 0.049 0.0 0.0 0.0 0.9519977738150889 0.0 3.141592653589793 0.0 3.141592653589793 -0.7783333568074233
1.067755901108215e-06 4.394226208406885e-06 0.029 0.049 0.0 0.0 0.11780972450961724 0.9519977738150889 0.0 3.141592653589793 0.0 3.141592653589793 -303.4146661604771
1.067755901108215e-06 4.394226208406885e-06 0.029 0.049 0.0 0.0 0.039269908169872414 2.53866073017357 0.0 3.141592653589793 0.0 3.141592653589793 1.9943054824156534
1.067755901108215e-06 4.394226208406885e-06 0.029 0.049 0.0 0.0 0.0 1.7453292519943295 0.0 3.141592653589793 0.0 3.141592653589793 nan
1.067755901108215e-06 4.394226208406885e-06 0.029 0.049 0.0 0.0 0.0 2.53866073017357 0.0 3.141592653589793 0.0 3.141592653589793 1.9905017250891668
1.067755901108215e-06 4.394226208406885e-06 0.029 0.049 0.0 0.0 0.07853981633974483 0.1903995547630178 0.0 3.141592653589793 0.0 3.141592653589793 1.999997619436475
1.067755901108215e-06 4.394226208406885e-06 0.029 0.049 0.0 0.0 0.0 0.1903995547630178 0.0 3.141592653589793 0.0 3.141592653589793 1.9999614987276324
1.067755901108215e-06 4.394226208406885e-06 0.029 0.049 0.0 0.0 0.039269908169872414 0.1903995547630178 0.0 3.141592653589793 0.0 3.141592653589793 2.0000052550074696
1.067755901108215e-06 4.394226208406885e-06 0.029 0.049 0.0 0.0 0.11780972450961724 0.1903995547630178 0.0 3.141592653589793 0.0 3.141592653589793 2.0000055460182042
1.067755901108215e-06 4.394226208406885e-06 0.029 0.049 0.0 0.0 0.11780972450961724 1.618396215485651 0.0 3.141592653589793 0.0 3.141592653589793 nan
1.067755901108215e-06 4.394226208406885e-06 0.029 0.049 0.0 0.0 0.11780972450961724 2.57039398930074 0.0 3.141592653589793 0.0 3.141592653589793 2.000005754924699
1.067755901108215e-06 4.394226208406885e-06 0.029 0.049 0.0 0.0 0.07853981633974483 2.57039398930074 0.0 3.141592653589793 0.0 3.141592653589793 1.9998160149115167
1.067755901108215e-06 4.394226208406885e-06 0.029 0.049 0.0 0.0 0.039269908169872414 2.57039398930074 0.0 3.141592653589793 0.0 3.141592653589793 1.9962157676833343
1.067755901108215e-06 4.394226208406885e-06 0.029 0.049 0.0 0.0 0.07853981633974483 0.9837310329422585 0.0 3.141592653589793 0.0 3.141592653589793 199.66285676049293
1.067755901108215e-06 4.394226208406885e-06 0.029 0.049 0.0 0.0 0.0 0.9837310329422585 0.0 3.141592653589793 0.0 3.141592653589793 -1.0195126707434505
1.067755901108215e-06 4.394226208406885e-06 0.029 0.049 0.0 0.0 0.11780972450961724 0.9837310329422585 0.0 3.141592653589793 0.0 3.141592653589793 1592.6432262675828
1.067755901108215e-06 4.394226208406885e-06 0.029 0.049 0.0 0.0 0.039269908169872414 0.9837310329422585 0.0 3.141592653589793 0.0 3.141592653589793 198.93486278332705
1.067755901108215e-06 4.394226208406885e-06 0.029 0.049 0.0 0.0 0.0 2.57039398930074 0.0 3.141592653589793 0.0 3.141592653589793 1.989869510173227
1.067755901108215e-06 4.394226208406885e-06 0.029 0.049 0.0 0.0 0.0 1.7770625111214993 0.0 3.141592653589793 0.0 3.141592653589793 nan
1.067755901108215e-06 4.394226208406885e-06 0.029 0.049 0.0 0.0 0.07853981633974483 0.2221328138901874 0.0 3.141592653589793 0.0 3.141592653589793 1.9999952864036494
1.067755901108215e-06 4.394226208406885e-06 0.029 0.049 0.0 0.0 0.0 0.2221328138901874 0.0 3.141592653589793 0.0 3.141592653589793 2.0000079478061457
1.067755901108215e-06 4.394226208406885e-06 0.029 0.049 0.0 0.0 0.039269908169872414 0.2221328138901874 0.0 3.141592653589793 0.0 3.141592653589793 1.9999760496839085
1.067755901108215e-06 4.394226208406885e-06 0.029 0.049 0.0 0.0 0.11780972450961724 0.2221328138901874 0.0 3.141592653589793 0.0 3.141592653589793 2.000022497799739
1.067755901108215e-06 4.394226208406885e-06 0.029 0.049 0.0 0.0 0.11780972450961724 2.6021272484279097 0.0 3.141592653589793 0.0 3.141592653589793 2.0000007436498906
1.067755901108215e-06 4.394226208406885e-06 0.029 0.049 0.0 0.0 0.11780972450961724 1.6501294746128208 0.0 3.141592653589793 0.0 3.141592653589793 nan
1.067755901108215e-06 4.394226208406885e-06 0.029 0.049 0.0 0.0 0.07853981633974483 2.6021272484279097 0.0 3.141592653589793 0.0 3.141592653589793 2.000023848859129
1.067755901108215e-06 4.394226208406885e-06 0.029 0.049 0.0 0.0 0.039269908169872414 2.6021272484279097 0.0 3.141592653589793 0.0 3.141592653589793 2.000395593015276
1.067755901108215e-06 4.394226208406885e-06 0.029 0.049 0.0 0.0 0.07853981633974483 1.0154642920694281 0.0 3.141592653589793 0.0 3.141592653589793 -921.9729119587839
1.067755901108215e-06 4.394226208406885e-06 0.029 0.049 0.0 0.0 0.11780972450961724 1.0154642920694281 0.0 3.141592653589793 0.0 3.141592653589793 271.3596606190761
1.067755901108215e-06 4.394226208406885e-06 0.029 0.049 0.0 0.0 0.0 1.0154642920694281 0.0 3.141592653589793 0.0 3.141592653589793 124.63208111076979
1.067755901108215e-06 4.394226208406885e-06 0.029 0.049 0.0 0.0 0.039269908169872414 1.0154642920694281 0.0 3.141592653589793 0.0 3.141592653589793 -0.37461694838674076
1.067755901108215e-06 4.394226208406885e-06 0.029 0.049 0.0 0.0 0.0 2.6021272484279097 0.0 3.141592653589793 0.0 3.141592653589793 1.9987828502576666
1.067755901108215e-06 4.394226208406885e-06 0.029 0.049 0.0 0.0 0.0 1.8087957702486688 0.0 3.141592653589793 0.0 3.141592653589793 nan
1.067755901108215e-06 4.394226208406885e-06 0.029 0.049 0.0 0.0 0.07853981633974483 0.25386607301735703 0.0 3.141592653589793 0.0 3.141592653589793 1.9999857518908857
1.067755901108215e-06 4.394226208406885e-06 0.029 0.049 0.0 0.0 0.0 0.25386607301735703 0.0 3.141592653589793 0.0 3.141592653589793 1.9999995917052829
1.067755901108215e-06 4.394226208406885e-06 0.029 0.049 0.0 0.0 0.039269908169872414 0.25386607301735703 0.0 3.141592653589793 0.0 3.141592653589793 2.0000119645481247
1.067755901108215e-06 4.394226208406885e-06 0.029 0.049 0.0 0.0 0.11780972450961724 0.25386607301735703 0.0 3.141592653589793 0.0 3.141592653589793 1.999999077802331
1.067755901108215e-06 4.394226208406885e-06 0.029 0.049 0.0 0.0 0.11780972450961724 2.633860507555079 0.0 3.141592653589793 0.0 3.141592653589793 1.9999788913109346
1.067755901108215e-06 4.394226208406885e-06 0.029 0.049 0.0 0.0 0.11780972450961724 1.6818627337399903 0.0 3.141592653589793 0.0 3.141592653589793 nan
1.067755901108215e-06 4.394226208406885e-06 0.029 0.049 0.0 0.0 0.07853981633974483 2.633860507555079 0.0 3.141592653589793 0.0 3.141592653589793 2.0000035897870045
1.067755901108215e-06 4.394226208406885e-06 0.029 0.049 0.0 0.0 0.039269908169872414 2.633860507555079 0.0 3.141592653589793 0.0 3.141592653589793 1.999995012858675
1.067755901108215e-06 4.394226208406885e-06 0.029 0.049 0.0 0.0 0.07853981633974483 1.0471975511965979 0.0 3.141592653589793 0.0 3.141592653589793 1673.9647889854498
1.067755901108215e-06 4.394226208406885e-06 0.029 0.049 0.0 0.0 0.0 2.633860507555079 0.0 3.141592653589793 0.0 3.141592653589793 1.9984025841930364
1.067755901108215e-06 4.394226208406885e-06 0.029 0.049 0.0 0.0 0.11780972450961724 1.0471975511965979 0.0 3.141592653589793 0.0 3.141592653589793 -314.72348120503204
1.067755901108215e-06 4.394226208406885e-06 0.029 0.049 0.0 0.0 0.0 1.0471975511965979 0.0 3.141592653589793 0.0 3.141592653589793 354.45952745477985
1.067755901108215e-06 4.394226208406885e-06 0.029 0.049 0.0 0.0 0.039269908169872414 1.0471975511965979 0.0 3.141592653589793 0.0 3.141592653589793 -1063.0589835743226
1.067755901108215e-06 4.394226208406885e-06 0.029 0.049 0.0 0.0 0.0 1.8405290293758385 0.0 3.141592653589793 0.0 3.141592653589793 nan
1.067755901108215e-06 4.394226208406885e-06 0.029 0.049 0.0 0.0 0.07853981633974483 0.28559933214452665 0.0 3.141592653589793 0.0 3.141592653589793 2.000016052203093
1.067755901108215e-06 4.394226208406885e-06 0.029 0.049 0.0 0.0 0.0 0.28559933214452665 0.0 3.141592653589793 0.0 3.141592653589793 1.9999903249090385
1.067755901108215e-06 4.394226208406885e-06 0.029 0.049 0.0 0.0 0.039269908169872414 0.28559933214452665 0.0 3.141592653589793 0.0 3.141592653589793 1.9999995202211436
1.067755901108215e-06 4.394226208406885e-06 0.029 0.049 0.0 0.0 0.11780972450961724 0.28559933214452665 0.0 3.141592653589793 0.0 3.141592653589793 1.9998558532126058
1.067755901108215e-06 4.394226208406885e-06 0.029 0.049 0.0 0.0 0.11780972450961724 2.6655937666822487 0.0 3.141592653589793 0.0 3.141592653589793 1.9999926608022487
1.067755901108215e-06 4.394226208406885e-06 0.029 0.049 0.0 0.0 0.07853981633974483 2.6655937666822487 0.0 3.141592653589793 0.0 3.141592653589793 1.9999818179907345
1.067755901108215e-06 4.394226208406885e-06 0.029 0.049 0.0 0.0 0.11780972450961724 1.71359599286716 0.0 3.141592653589793 0.0 3.141592653589793 nan
1.067755901108215e-06 4.394226208406885e-06 0.029 0.049 0.0 0.0 0.039269908169872414 2.6655937666822487 0.0 3.141592653589793 0.0 3.141592653589793 2.000004676077076
1.067755901108215e-06 4.394226208406885e-06 0.029 0.049 0.0 0.0 0.0 2.6655937666822487 0.0 3.141592653589793 0.0 3.141592653589793 2.0000181742176983
1.067755901108215e-06 4.394226208406885e-06 0.029 0.049 0.0 0.0 0.07853981633974483 1.0789308103237674 0.0 3.141592653589793 0.0 3.141592653589793 2940.301189413992
1.067755901108215e-06 4.394226208406885e-06 0.029 0.049 0.0 0.0 0.039269908169872414 1.0789308103237674 0.0 3.141592653589793 0.0 3.141592653589793 1294.3301583794128
1.067755901108215e-06 4.394226208406885e-06 0.029 0.049 0.0 0.0 0.11780972450961724 1.0789308103237674 0.0 3.141592653589793 0.0 3.141592653589793 5171.173049274008
1.067755901108215e-06 4.394226208406885e-06 0.029 0.049 0.0 0.0 0.0 1.0789308103237674 0.0 3.141592653589793 0.0 3.141592653589793 -854.8273676423805
1.067755901108215e-06 4.394226208406885e-06 0.029 0.049 0.0 0.0 0.0 1.872262288503008 0.0 3.141592653589793 0.0 3.141592653589793 nan
1.067755901108215e-06 4.394226208406885e-06 0.029 0.049 0.0 0.0 0.07853981633974483 0.3173325912716963 0.0 3.141592653589793 0.0 3.141592653589793 2.0000019866671894
1.067755901108215e-06 4.394226208406885e-06 0.029 0.049 0.0 0.0 0.0 0.3173325912716963 0.0 3.141592653589793 0.0 3.141592653589793 1.9999893883626192
1.067755901108215e-06 4.394226208406885e-06 0.029 0.049 0.0 0.0 0.039269908169872414 0.3173325912716963 0.0 3.141592653589793 0.0 3.141592653589793 1.9999947755417573
1.067755901108215e-06 4.394226208406885e-06 0.029 0.049 0.0 0.0 0.11780972450961724 0.3173325912716963 0.0 3.141592653589793 0.0 3.141592653589793 2.0000087775825754
1.067755901108215e-06 4.394226208406885e-06 0.029 0.049 0.0 0.0 0.11780972450961724 2.6973270258094186 0.0 3.141592653589793 0.0 3.141592653589793 1.9999982454859584
1.067755901108215e-06 4.394226208406885e-06 0.029 0.049 0.0 0.0 0.07853981633974483 2.6973270258094186 0.0 3.141592653589793 0.0 3.141592653589793 2.000006962885309
1.067755901108215e-06 4.394226208406885e-06 0.029 0.049 0.0 0.0 0.039269908169872414 2.6973270258094186 0.0 3.141592653589793 0.0 3.141592653589793 1.9999954623260883
1.067755901108215e-06 4.394226208406885e-06 0.029 0.049 0.0 0.0 0.11780972450961724 1.7453292519943295 0.0 3.141592653589793 0.0 3.141592653589793 nan
1.067755901108215e-06 4.394226208406885e-06 0.029 0.049 0.0 0.0 0.0 2.6973270258094186 0.0 3.141592653589793 0.0 3.141592653589793 1.9999819784101704
1.067755901108215e-06 4.394226208406885e-06 0.029 0.049 0.0 0.0 0.07853981633974483 1.110664069450937 0.0 3.141592653589793 0.0 3.141592653589793 7419.285441775959
1.067755901108215e-06 4.394226208406885e-06 0.029 0.049 0.0 0.0 0.039269908169872414 1.110664069450937 0.0 3.141592653589793 0.0 3.141592653589793 870.3838859306215
1.067755901108215e-06 4.394226208406885e-06 0.029 0.049 0.0 0.0 0.0 1.110664069450937 0.0 3.141592653589793 0.0 3.141592653589793 696.4353583654841
1.067755901108215e-06 4.394226208406885e-06 0.029 0.049 0.0 0.0 0.11780972450961724 1.110664069450937 0.0 3.141592653589793 0.0 3.141592653589793 -760.3639113453456
1.067755901108215e-06 4.394226208406885e-06 0.029 0.049 0.0 0.0 0.07853981633974483 0.3490658503988659 0.0 3.141592653589793 0.0 3.141592653589793 2.000002386198218
1.067755901108215e-06 4.394226208406885e-06 0.029 0.049 0.0 0.0 0.0 0.3490658503988659 0.0 3.141592653589793 0.0 3.141592653589793 1.9999958765746897
1.067755901108215e-06 4.394226208406885e-06 0.029 0.049 0.0 0.0 0.039269908169872414 0.3490658503988659 0.0 3.141592653589793 0.0 3.141592653589793 1.9999991502660879
1.067755901108215e-06 4.394226208406885e-06 0.029 0.049 0.0 0.0 0.0 1.9039955476301778 0.0 3.141592653589793 0.0 3.141592653589793 nan
1.067755901108215e-06 4.394226208406885e-06 0.029 0.049 0.0 0.0 0.11780972450961724 0.3490658503988659 0.0 3.141592653589793 0.0 3.141592653589793 2.0000022556835755
1.067755901108215e-06 4.394226208406885e-06 0.029 0.049 0.0 0.0 0.11780972450961724 2.729060284936588 0.0 3.141592653589793 0.0 3.141592653589793 1.9999925081087864
1.067755901108215e-06 4.394226208406885e-06 0.029 0.049 0.0 0.0 0.07853981633974483 2.729060284936588 0.0 3.141592653589793 0.0 3.141592653589793 1.9999900832389308
1.067755901108215e-06 4.394226208406885e-06 0.029 0.049 0.0 0.0 0.039269908169872414 2.729060284936588 0.0 3.141592653589793 0.0 3.141592653589793 1.9999905754903637
1.067755901108215e-06 4.394226208406885e-06 0.029 0.049 0.0 0.0 0.11780972450961724 1.7770625111214993 0.0 3.141592653589793 0.0 3.141592653589793 nan
1.067755901108215e-06 4.394226208406885e-06 0.029 0.049 0.0 0.0 0.0 2.729060284936588 0.0 3.141592653589793 0.0 3.141592653589793 1.9999984518301515
1.067755901108215e-06 4.394226208406885e-06 0.029 0.049 0.0 0.0 0.07853981633974483 0.3807991095260356 0.0 3.141592653589793 0.0 3.141592653589793 1.9999988988894035
1.067755901108215e-06 4.394226208406885e-06 0.029 0.049 0.0 0.0 0.0 0.3807991095260356 0.0 3.141592653589793 0.0 3.141592653589793 2.000000013325868
1.067755901108215e-06 4.394226208406885e-06 0.029 0.049 0.0 0.0 0.07853981633974483 1.1423973285781066 0.0 3.141592653589793 0.0 3.141592653589793 1685.4288595038965
1.067755901108215e-06 4.394226208406885e-06 0.029 0.049 0.0 0.0 0.039269908169872414 0.3807991095260356 0.0 3.141592653589793 0.0 3.141592653589793 1.9999979837125932
1.067755901108215e-06 4.394226208406885e-06 0.029 0.049 0.0 0.0 0.0 1.1423973285781066 0.0 3.141592653589793 0.0 3.141592653589793 3326.7854472165895
1.067755901108215e-06 4.394226208406885e-06 0.029 0.049 0.0 0.0 0.039269908169872414 1.1423973285781066 0.0 3.141592653589793 0.0 3.141592653589793 5507.112677739828
1.067755901108215e-06 4.394226208406885e-06 0.029 0.049 0.0 0.0 0.11780972450961724 1.1423973285781066 0.0 3.141592653589793 0.0 3.141592653589793 nan
1.067755901108215e-06 4.394226208406885e-06 0.029 0.049 0.0 0.0 0.11780972450961724 0.3807991095260356 0.0 3.141592653589793 0.0 3.141592653589793 1.9999986661689269
1.067755901108215e-06 4.394226208406885e-06 0.029 0.049 0.0 0.0 0.0 1.9357288067573473 0.0 3.141592653589793 0.0 3.141592653589793 nan
1.067755901108215e-06 4.394226208406885e-06 0.029 0.049 0.0 0.0 0.11780972450961724 2.7607935440637577 0.0 3.141592653589793 0.0 3.141592653589793 2.000000427771019
1.067755901108215e-06 4.394226208406885e-06 0.029 0.049 0.0 0.0 0.07853981633974483 2.7607935440637577 0.0 3.141592653589793 0.0 3.141592653589793 2.0000044402559753
1.067755901108215e-06 4.394226208406885e-06 0.029 0.049 0.0 0.0 0.039269908169872414 2.7607935440637577 0.0 3.141592653589793 0.0 3.141592653589793 2.0000044348235457
1.067755901108215e-06 4.394226208406885e-06 0.029 0.049 0.0 0.0 0.0 2.7607935440637577 0.0 3.141592653589793 0.0 3.141592653589793 2.0000009991332153
1.067755901108215e-06 4.394226208406885e-06 0.029 0.049 0.0 0.0 0.11780972450961724 1.8087957702486688 0.0 3.141592653589793 0.0 3.141592653589793 nan
1.067755901108215e-06 4.394226208406885e-06 0.029 0.049 0.0 0.0 0.07853981633974483 0.4125323686532052 0.0 3.141592653589793 0.0 3.141592653589793 1.9999943848623085
1.067755901108215e-06 4.394226208406885e-06 0.029 0.049 0.0 0.0 0.0 0.4125323686532052 0.0 3.141592653589793 0.0 3.141592653589793 1.9999891378733492
1.067755901108215e-06 4.394226208406885e-06 0.029 0.049 0.0 0.0 0.039269908169872414 0.4125323686532052 0.0 3.141592653589793 0.0 3.141592653589793 1.9999995407683089
1.067755901108215e-06 4.394226208406885e-06 0.029 0.049 0.0 0.0 0.07853981633974483 1.1741305877052763 0.0 3.141592653589793 0.0 3.141592653589793 -5830.836226915749
1.067755901108215e-06 4.394226208406885e-06 0.029 0.049 0.0 0.0 0.11780972450961724 0.4125323686532052 0.0 3.141592653589793 0.0 3.141592653589793 2.0000086538507396
1.067755901108215e-06 4.394226208406885e-06 0.029 0.049 0.0 0.0 0.0 1.1741305877052763 0.0 3.141592653589793 0.0 3.141592653589793 nan
1.067755901108215e-06 4.394226208406885e-06 0.029 0.049 0.0 0.0 0.039269908169872414 1.1741305877052763 0.0 3.141592653589793 0.0 3.141592653589793 -2776.6825035746588
1.067755901108215e-06 4.394226208406885e-06 0.029 0.049 0.0 0.0 0.11780972450961724 1.1741305877052763 0.0 3.141592653589793 0.0 3.141592653589793 nan
1.067755901108215e-06 4.394226208406885e-06 0.029 0.049 0.0 0.0 0.11780972450961724 2.792526803190927 0.0 3.141592653589793 0.0 3.141592653589793 1.9999717092991318
1.067755901108215e-06 4.394226208406885e-06 0.029 0.049 0.0 0.0 0.0 1.967462065884517 0.0 3.141592653589793 0.0 3.141592653589793 nan
1.067755901108215e-06 4.394226208406885e-06 0.029 0.049 0.0 0.0 0.07853981633974483 2.792526803190927 0.0 3.141592653589793 0.0 3.141592653589793 1.999996205235927
1.067755901108215e-06 4.394226208406885e-06 0.029 0.049 0.0 0.0 0.039269908169872414 2.792526803190927 0.0 3.141592653589793 0.0 3.141592653589793 2.000008155092196
1.067755901108215e-06 4.394226208406885e-06 0.029 0.049 0.0 0.0 0.0 2.792526803190927 0.0 3.141592653589793 0.0 3.141592653589793 2.000013111952127
1.067755901108215e-06 4.394226208406885e-06 0.029 0.049 0.0 0.0 0.07853981633974483 0.4442656277803748 0.0 3.141592653589793 0.0 3.141592653589793 1.9999822849065672
1.067755901108215e-06 4.394226208406885e-06 0.029 0.049 0.0 0.0 0.0 0.4442656277803748 0.0 3.141592653589793 0.0 3.141592653589793 2.000005429493302
1.067755901108215e-06 4.394226208406885e-06 0.029 0.049 0.0 0.0 0.039269908169872414 0.4442656277803748 0.0 3.141592653589793 0.0 3.141592653589793 2.000002270782434
1.067755901108215e-06 4.394226208406885e-06 0.029 0.049 0.0 0.0 0.11780972450961724 0.4442656277803748 0.0 3.141592653589793 0.0 3.141592653589793 1.9991880619900966
1.067755901108215e-06 4.394226208406885e-06 0.029 0.049 0.0 0.0 0.07853981633974483 1.2058638468324459 0.0 3.141592653589793 0.0 3.141592653589793 nan
1.067755901108215e-06 4.394226208406885e-06 0.029 0.049 0.0 0.0 0.0 1.2058638468324459 0.0 3.141592653589793 0.0 3.141592653589793 nan
1.067755901108215e-06 4.394226208406885e-06 0.029 0.049 0.0 0.0 0.11780972450961724 1.2058638468324459 0.0 3.141592653589793 0.0 3.141592653589793 nan
1.067755901108215e-06 4.394226208406885e-06 0.029 0.049 0.0 0.0 0.11780972450961724 2.824260062318097 0.0 3.141592653589793 0.0 3.141592653589793 1.9999959738469837
1.067755901108215e-06 4.394226208406885e-06 0.029 0.049 0.0 0.0 0.039269908169872414 1.2058638468324459 0.0 3.141592653589793 0.0 3.141592653589793 nan
1.067755901108215e-06 4.394226208406885e-06 0.029 0.049 0.0 0.0 0.07853981633974483 2.824260062318097 0.0 3.141592653589793 0.0 3.141592653589793 1.9999924261942619
1.067755901108215e-06 4.394226208406885e-06 0.029 0.049 0.0 0.0 0.0 1.9991953250116865 0.0 3.141592653589793 0.0 3.141592653589793 nan
1.067755901108215e-06 4.394226208406885e-06 0.029 0.049 0.0 0.0 0.039269908169872414 2.824260062318097 0.0 3.141592653589793 0.0 3.141592653589793 1.9999952473390197
1.067755901108215e-06 4.394226208406885e-06 0.029 0.049 0.0 0.0 0.0 2.824260062318097 0.0 3.141592653589793 0.0 3.141592653589793 1.9999927910674737
1.067755901108215e-06 4.394226208406885e-06 0.029 0.049 0.0 0.0 0.039269908169872414 0.47599888690754444 0.0 3.141592653589793 0.0 3.141592653589793 1.9999692158432532
1.067755901108215e-06 4.394226208406885e-06 0.029 0.049 0.0 0.0 0.0 0.47599888690754444 0.0 3.141592653589793 0.0 3.141592653589793 2.0000132016799985
1.067755901108215e-06 4.394226208406885e-06 0.029 0.049 0.0 0.0 0.07853981633974483 0.47599888690754444 0.0 3.141592653589793 0.0 3.141592653589793 2.000262519913593
1.067755901108215e-06 4.394226208406885e-06 0.029 0.049 0.0 0.0 0.11780972450961724 0.47599888690754444 0.0 3.141592653589793 0.0 3.141592653589793 1.995822195189728
1.067755901108215e-06 4.394226208406885e-06 0.029 0.049 0.0 0.0 0.11780972450961724 2.8559933214452666 0.0 3.141592653589793 0.0 3.141592653589793 1.9999953190241397
1.067755901108215e-06 4.394226208406885e-06 0.029 0.049 0.0 0.0 0.07853981633974483 1.2375971059596156 0.0 3.141592653589793 0.0 3.141592653589793 nan
1.067755901108215e-06 4.394226208406885e-06 0.029 0.049 0.0 0.0 0.0 1.2375971059596156 0.0 3.141592653589793 0.0 3.141592653589793 nan
1.067755901108215e-06 4.394226208406885e-06 0.029 0.049 0.0 0.0 0.11780972450961724 1.2375971059596156 0.0 3.141592653589793 0.0 3.141592653589793 nan
1.067755901108215e-06 4.394226208406885e-06 0.029 0.049 0.0 0.0 0.039269908169872414 1.2375971059596156 0.0 3.141592653589793 0.0 3.141592653589793 nan
1.067755901108215e-06 4.394226208406885e-06 0.029 0.049 0.0 0.0 0.07853981633974483 2.8559933214452666 0.0 3.141592653589793 0.0 3.141592653589793 1.9999876574856068
1.067755901108215e-06 4.394226208406885e-06 0.029 0.049 0.0 0.0 0.039269908169872414 1.618396215485651 0.0 3.141592653589793 0.0 3.141592653589793 10.0
1.067755901108215e-06 4.394226208406885e-06 0.029 0.049 0.0 0.0 0.0 2.0309285841388562 0.0 3.141592653589793 0.0 3.141592653589793 nan
1.067755901108215e-06 4.394226208406885e-06 0.029 0.049 0.0 0.0 0.039269908169872414 2.8559933214452666 0.0 3.141592653589793 0.0 3.141592653589793 1.9999958789852468
1.067755901108215e-06 4.394226208406885e-06 0.029 0.049 0.0 0.0 0.0 2.8559933214452666 0.0 3.141592653589793 0.0 3.141592653589793 1.9999848148862056
1.067755901108215e-06 4.394226208406885e-06 0.029 0.049 0.0 0.0 0.0 0.5077321460347141 0.0 3.141592653589793 0.0 3.141592653589793 1.9999999232647068
1.067755901108215e-06 4.394226208406885e-06 0.029 0.049 0.0 0.0 0.039269908169872414 0.5077321460347141 0.0 3.141592653589793 0.0 3.141592653589793 1.9999868900295328
1.067755901108215e-06 4.394226208406885e-06 0.029 0.049 0.0 0.0 0.07853981633974483 0.5077321460347141 0.0 3.141592653589793 0.0 3.141592653589793 1.998659907447403
1.067755901108215e-06 4.394226208406885e-06 0.029 0.049 0.0 0.0 0.11780972450961724 2.887726580572436 0.0 3.141592653589793 0.0 3.141592653589793 2.000024110864155
1.067755901108215e-06 4.394226208406885e-06 0.029 0.049 0.0 0.0 0.11780972450961724 0.5077321460347141 0.0 3.141592653589793 0.0 3.141592653589793 1.9955375601626855
1.067755901108215e-06 4.394226208406885e-06 0.029 0.049 0.0 0.0 0.07853981633974483 2.887726580572436 0.0 3.141592653589793 0.0 3.141592653589793 2.0000113948776166
1.067755901108215e-06 4.394226208406885e-06 0.029 0.049 0.0 0.0 0.07853981633974483 1.269330365086785 0.0 3.141592653589793 0.0 3.141592653589793 nan
1.067755901108215e-06 4.394226208406885e-06 0.029 0.049 0.0 0.0 0.0 1.269330365086785 0.0 3.141592653589793 0.0 3.141592653589793 nan
1.067755901108215e-06 4.394226208406885e-06 0.029 0.049 0.0 0.0 0.11780972450961724 1.269330365086785 0.0 3.141592653589793 0.0 3.141592653589793 nan
1.067755901108215e-06 4.394226208406885e-06 0.029 0.049 0.0 0.0 0.039269908169872414 1.269330365086785 0.0 3.141592653589793 0.0 3.141592653589793 nan
1.067755901108215e-06 4.394226208406885e-06 0.029 0.049 0.0 0.0 0.039269908169872414 2.887726580572436 0.0 3.141592653589793 0.0 3.141592653589793 1.9999893301352027
1.067755901108215e-06 4.394226208406885e-06 0.029 0.049 0.0 0.0 0.0 2.0626618432660258 0.0 3.141592653589793 0.0 3.141592653589793 nan
1.067755901108215e-06 4.394226208406885e-06 0.029 0.049 0.0 0.0 0.0 2.887726580572436 0.0 3.141592653589793 0.0 3.141592653589793 1.9999892816050802
1.067755901108215e-06 4.394226208406885e-06 0.029 0.049 0.0 0.0 0.0 0.5394654051618837 0.0 3.141592653589793 0.0 3.141592653589793 2.0000054759078916
1.067755901108215e-06 4.394226208406885e-06 0.029 0.049 0.0 0.0 0.039269908169872414 0.5394654051618837 0.0 3.141592653589793 0.0 3.141592653589793 1.9984786122269518
1.067755901108215e-06 4.394226208406885e-06 0.029 0.049 0.0 0.0 0.07853981633974483 0.5394654051618837 0.0 3.141592653589793 0.0 3.141592653589793 1.9968928464714393
1.067755901108215e-06 4.394226208406885e-06 0.029 0.049 0.0 0.0 0.11780972450961724 2.9194598396996057 0.0 3.141592653589793 0.0 3.141592653589793 1.9999935587519801
1.067755901108215e-06 4.394226208406885e-06 0.029 0.049 0.0 0.0 0.07853981633974483 2.9194598396996057 0.0 3.141592653589793 0.0 3.141592653589793 2.0000089166768307
1.067755901108215e-06 4.394226208406885e-06 0.029 0.049 0.0 0.0 0.11780972450961724 0.5394654051618837 0.0 3.141592653589793 0.0 3.141592653589793 1.9973382409140055
1.067755901108215e-06 4.394226208406885e-06 0.029 0.049 0.0 0.0 0.07853981633974483 1.3010636242139548 0.0 3.141592653589793 0.0 3.141592653589793 nan
1.067755901108215e-06 4.394226208406885e-06 0.029 0.049 0.0 0.0 0.0 1.3010636242139548 0.0 3.141592653589793 0.0 3.141592653589793 nan
1.067755901108215e-06 4.394226208406885e-06 0.029 0.049 0.0 0.0 0.11780972450961724 1.3010636242139548 0.0 3.141592653589793 0.0 3.141592653589793 nan
1.067755901108215e-06 4.394226208406885e-06 0.029 0.049 0.0 0.0 0.039269908169872414 2.9194598396996057 0.0 3.141592653589793 0.0 3.141592653589793 1.9999995713731251
1.067755901108215e-06 4.394226208406885e-06 0.029 0.049 0.0 0.0 0.039269908169872414 1.3010636242139548 0.0 3.141592653589793 0.0 3.141592653589793 nan
1.067755901108215e-06 4.394226208406885e-06 0.029 0.049 0.0 0.0 0.0 2.9194598396996057 0.0 3.141592653589793 0.0 3.141592653589793 1.9999981376406895
1.067755901108215e-06 4.394226208406885e-06 0.029 0.049 0.0 0.0 0.0 2.0943951023931957 0.0 3.141592653589793 0.0 3.141592653589793 nan
1.067755901108215e-06 4.394226208406885e-06 0.029 0.049 0.0 0.0 0.0 0.5711986642890533 0.0 3.141592653589793 0.0 3.141592653589793 1.9989705584271524
1.067755901108215e-06 4.394226208406885e-06 0.029 0.049 0.0 0.0 0.039269908169872414 0.5711986642890533 0.0 3.141592653589793 0.0 3.141592653589793 2.0025355843263184
1.067755901108215e-06 4.394226208406885e-06 0.029 0.049 0.0 0.0 0.11780972450961724 2.9511930988267756 0.0 3.141592653589793 0.0 3.141592653589793 1.9999896335805665
1.067755901108215e-06 4.394226208406885e-06 0.029 0.049 0.0 0.0 0.07853981633974483 0.5711986642890533 0.0 3.141592653589793 0.0 3.141592653589793 1.9933869406404003
1.067755901108215e-06 4.394226208406885e-06 0.029 0.049 0.0 0.0 0.07853981633974483 2.9511930988267756 0.0 3.141592653589793 0.0 3.141592653589793 1.9999991303905977
1.067755901108215e-06 4.394226208406885e-06 0.029 0.049 0.0 0.0 0.11780972450961724 0.5711986642890533 0.0 3.141592653589793 0.0 3.141592653589793 1.9955012198450646
1.067755901108215e-06 4.394226208406885e-06 0.029 0.049 0.0 0.0 0.039269908169872414 2.9511930988267756 0.0 3.141592653589793 0.0 3.141592653589793 1.999999466970673
1.067755901108215e-06 4.394226208406885e-06 0.029 0.049 0.0 0.0 0.07853981633974483 1.3327968833411243 0.0 3.141592653589793 0.0 3.141592653589793 nan
1.067755901108215e-06 4.394226208406885e-06 0.029 0.049 0.0 0.0 0.0 1.3327968833411243 0.0 3.141592653589793 0.0 3.141592653589793 nan
1.067755901108215e-06 4.394226208406885e-06 0.029 0.049 0.0 0.0 0.11780972450961724 1.3327968833411243 0.0 3.141592653589793 0.0 3.141592653589793 nan
1.067755901108215e-06 4.394226208406885e-06 0.029 0.049 0.0 0.0 0.039269908169872414 1.3327968833411243 0.0 3.141592653589793 0.0 3.141592653589793 nan
1.067755901108215e-06 4.394226208406885e-06 0.029 0.049 0.0 0.0 0.0 2.9511930988267756 0.0 3.141592653589793 0.0 3.141592653589793 2.000001812620556
1.067755901108215e-06 4.394226208406885e-06 0.029 0.049 0.0 0.0 0.0 2.126128361520365 0.0 3.141592653589793 0.0 3.141592653589793 nan
1.067755901108215e-06 4.394226208406885e-06 0.029 0.049 0.0 0.0 0.0 0.6029319234162229 0.0 3.141592653589793 0.0 3.141592653589793 1.9977659659874347
1.067755901108215e-06 4.394226208406885e-06 0.029 0.049 0.0 0.0 0.11780972450961724 2.982926357953945 0.0 3.141592653589793 0.0 3.141592653589793 1.9999889544299876
1.067755901108215e-06 4.394226208406885e-06 0.029 0.049 0.0 0.0 0.039269908169872414 0.6029319234162229 0.0 3.141592653589793 0.0 3.141592653589793 2.0014408975473144
1.067755901108215e-06 4.394226208406885e-06 0.029 0.049 0.0 0.0 0.07853981633974483 0.6029319234162229 0.0 3.141592653589793 0.0 3.141592653589793 1.992358594455549
1.067755901108215e-06 4.394226208406885e-06 0.029 0.049 0.0 0.0 0.07853981633974483 2.982926357953945 0.0 3.141592653589793 0.0 3.141592653589793 1.9999944359401851
1.067755901108215e-06 4.394226208406885e-06 0.029 0.049 0.0 0.0 0.039269908169872414 2.982926357953945 0.0 3.141592653589793 0.0 3.141592653589793 1.9999974524188813
1.067755901108215e-06 4.394226208406885e-06 0.029 0.049 0.0 0.0 0.11780972450961724 0.6029319234162229 0.0 3.141592653589793 0.0 3.141592653589793 1.9917748773915138
1.067755901108215e-06 4.394226208406885e-06 0.029 0.049 0.0 0.0 0.07853981633974483 1.364530142468294 0.0 3.141592653589793 0.0 3.141592653589793 nan
1.067755901108215e-06 4.394226208406885e-06 0.029 0.049 0.0 0.0 0.0 2.982926357953945 0.0 3.141592653589793 0.0 3.141592653589793 2.000017877474863
1.067755901108215e-06 4.394226208406885e-06 0.029 0.049 0.0 0.0 0.0 1.364530142468294 0.0 3.141592653589793 0.0 3.141592653589793 nan
1.067755901108215e-06 4.394226208406885e-06 0.029 0.049 0.0 0.0 0.11780972450961724 1.364530142468294 0.0 3.141592653589793 0.0 3.141592653589793 nan
1.067755901108215e-06 4.394226208406885e-06 0.029 0.049 0.0 0.0 0.039269908169872414 1.364530142468294 0.0 3.141592653589793 0.0 3.141592653589793 nan
1.067755901108215e-06 4.394226208406885e-06 0.029 0.049 0.0 0.0 0.0 2.1578616206475347 0.0 3.141592653589793 0.0 3.141592653589793 nan
1.067755901108215e-06 4.394226208406885e-06 0.029 0.049 0.0 0.0 0.11780972450961724 3.0146596170811146 0.0 3.141592653589793 0.0 3.141592653589793 2.0000047909683416
1.067755901108215e-06 4.394226208406885e-06 0.029 0.049 0.0 0.0 0.0 0.6346651825433925 0.0 3.141592653589793 0.0 3.141592653589793 1.9954380268863143
1.067755901108215e-06 4.394226208406885e-06 0.029 0.049 0.0 0.0 0.039269908169872414 0.6346651825433925 0.0 3.141592653589793 0.0 3.141592653589793 1.994032735645363
1.067755901108215e-06 4.394226208406885e-06 0.029 0.049 0.0 0.0 0.07853981633974483 3.0146596170811146 0.0 3.141592653589793 0.0 3.141592653589793 1.9999999407904991
1.067755901108215e-06 4.394226208406885e-06 0.029 0.049 0.0 0.0 0.07853981633974483 0.6346651825433925 0.0 3.141592653589793 0.0 3.141592653589793 1.9938058159869787
1.067755901108215e-06 4.394226208406885e-06 0.029 0.049 0.0 0.0 0.039269908169872414 3.0146596170811146 0.0 3.141592653589793 0.0 3.141592653589793 2.0000011092252863
1.067755901108215e-06 4.394226208406885e-06 0.029 0.049 0.0 0.0 0.11780972450961724 0.6346651825433925 0.0 3.141592653589793 0.0 3.141592653589793 1.988513141462413
1.067755901108215e-06 4.394226208406885e-06 0.029 0.049 0.0 0.0 0.0 3.0146596170811146 0.0 3.141592653589793 0.0 3.141592653589793 1.9999903525943792
1.067755901108215e-06 4.394226208406885e-06 0.029 0.049 0.0 0.0 0.07853981633974483 1.3962634015954636 0.0 3.141592653589793 0.0 3.141592653589793 nan
1.067755901108215e-06 4.394226208406885e-06 0.029 0.049 0.0 0.0 0.0 1.3962634015954636 0.0 3.141592653589793 0.0 3.141592653589793 nan
1.067755901108215e-06 4.394226208406885e-06 0.029 0.049 0.0 0.0 0.11780972450961724 1.3962634015954636 0.0 3.141592653589793 0.0 3.141592653589793 nan
1.067755901108215e-06 4.394226208406885e-06 0.029 0.049 0.0 0.0 0.039269908169872414 1.3962634015954636 0.0 3.141592653589793 0.0 3.141592653589793 nan
1.067755901108215e-06 4.394226208406885e-06 0.029 0.049 0.0 0.0 0.0 2.1895948797747042 0.0 3.141592653589793 0.0 3.141592653589793 nan
1.067755901108215e-06 4.394226208406885e-06 0.029 0.049 0.0 0.0 0.11780972450961724 3.0463928762082846 0.0 3.141592653589793 0.0 3.141592653589793 1.9999995349064132
1.067755901108215e-06 4.394226208406885e-06 0.029 0.049 0.0 0.0 0.039269908169872414 1.6501294746128208 0.0 3.141592653589793 0.0 3.141592653589793 10.0
1.067755901108215e-06 4.394226208406885e-06 0.029 0.049 0.0 0.0 0.0 0.6663984416705622 0.0 3.141592653589793 0.0 3.141592653589793 1.9970657995427359
1.067755901108215e-06 4.394226208406885e-06 0.029 0.049 0.0 0.0 0.07853981633974483 3.0463928762082846 0.0 3.141592653589793 0.0 3.141592653589793 2.000000289986387
1.067755901108215e-06 4.394226208406885e-06 0.029 0.049 0.0 0.0 0.039269908169872414 0.6663984416705622 0.0 3.141592653589793 0.0 3.141592653589793 1.9930356761251629
1.067755901108215e-06 4.394226208406885e-06 0.029 0.049 0.0 0.0 0.07853981633974483 0.6663984416705622 0.0 3.141592653589793 0.0 3.141592653589793 2.0019897751765603
1.067755901108215e-06 4.394226208406885e-06 0.029 0.049 0.0 0.0 0.039269908169872414 3.0463928762082846 0.0 3.141592653589793 0.0 3.141592653589793 2.000009720355775
1.067755901108215e-06 4.394226208406885e-06 0.029 0.049 0.0 0.0 0.0 3.0463928762082846 0.0 3.141592653589793 0.0 3.141592653589793 1.9999996053501592
1.067755901108215e-06 4.394226208406885e-06 0.029 0.049 0.0 0.0 0.11780972450961724 0.6663984416705622 0.0 3.141592653589793 0.0 3.141592653589793 1.990700690100529
1.067755901108215e-06 4.394226208406885e-06 0.029 0.049 0.0 0.0 0.07853981633974483 1.4279966607226333 0.0 3.141592653589793 0.0 3.141592653589793 nan
1.067755901108215e-06 4.394226208406885e-06 0.029 0.049 0.0 0.0 0.0 1.4279966607226333 0.0 3.141592653589793 0.0 3.141592653589793 nan
1.067755901108215e-06 4.394226208406885e-06 0.029 0.049 0.0 0.0 0.11780972450961724 1.4279966607226333 0.0 3.141592653589793 0.0 3.141592653589793 nan
1.067755901108215e-06 4.394226208406885e-06 0.029 0.049 0.0 0.0 0.039269908169872414 1.4279966607226333 0.0 3.141592653589793 0.0 3.141592653589793 nan
1.067755901108215e-06 4.394226208406885e-06 0.029 0.049 0.0 0.0 0.11780972450961724 3.078126135335454 0.0 3.141592653589793 0.0 3.141592653589793 1.9999981787999779
1.067755901108215e-06 4.394226208406885e-06 0.029 0.049 0.0 0.0 0.0 2.221328138901874 0.0 3.141592653589793 0.0 3.141592653589793 nan
1.067755901108215e-06 4.394226208406885e-06 0.029 0.049 0.0 0.0 0.07853981633974483 3.078126135335454 0.0 3.141592653589793 0.0 3.141592653589793 1.9999930862016941
1.067755901108215e-06 4.394226208406885e-06 0.029 0.049 0.0 0.0 0.039269908169872414 1.6818627337399903 0.0 3.141592653589793 0.0 3.141592653589793 nan
1.067755901108215e-06 4.394226208406885e-06 0.029 0.049 0.0 0.0 0.0 0.6981317007977318 0.0 3.141592653589793 0.0 3.141592653589793 2.0026978266740243
1.067755901108215e-06 4.394226208406885e-06 0.029 0.049 0.0 0.0 0.039269908169872414 3.078126135335454 0.0 3.141592653589793 0.0 3.141592653589793 2.0000088747216838
1.067755901108215e-06 4.394226208406885e-06 0.029 0.049 0.0 0.0 0.039269908169872414 0.6981317007977318 0.0 3.141592653589793 0.0 3.141592653589793 1.994031036161921
1.067755901108215e-06 4.394226208406885e-06 0.029 0.049 0.0 0.0 0.07853981633974483 0.6981317007977318 0.0 3.141592653589793 0.0 3.141592653589793 1.9917722388103316
1.067755901108215e-06 4.394226208406885e-06 0.029 0.049 0.0 0.0 0.0 3.078126135335454 0.0 3.141592653589793 0.0 3.141592653589793 1.9999888945252542
1.067755901108215e-06 4.394226208406885e-06 0.029 0.049 0.0 0.0 0.11780972450961724 0.6981317007977318 0.0 3.141592653589793 0.0 3.141592653589793 1.983295712344784
1.067755901108215e-06 4.394226208406885e-06 0.029 0.049 0.0 0.0 0.07853981633974483 1.4597299198498028 0.0 3.141592653589793 0.0 3.141592653589793 nan
1.067755901108215e-06 4.394226208406885e-06 0.029 0.049 0.0 0.0 0.0 1.4597299198498028 0.0 3.141592653589793 0.0 3.141592653589793 nan
1.067755901108215e-06 4.394226208406885e-06 0.029 0.049 0.0 0.0 0.11780972450961724 1.4597299198498028 0.0 3.141592653589793 0.0 3.141592653589793 nan
1.067755901108215e-06 4.394226208406885e-06 0.029 0.049 0.0 0.0 0.039269908169872414 1.4597299198498028 0.0 3.141592653589793 0.0 3.141592653589793 nan
1.067755901108215e-06 4.394226208406885e-06 0.029 0.049 0.0 0.0 0.11780972450961724 3.1098593944626236 0.0 3.141592653589793 0.0 3.141592653589793 2.00000698337796
1.067755901108215e-06 4.394226208406885e-06 0.029 0.049 0.0 0.0 0.0 2.2530613980290437 0.0 3.141592653589793 0.0 3.141592653589793 nan
1.067755901108215e-06 4.394226208406885e-06 0.029 0.049 0.0 0.0 0.07853981633974483 3.1098593944626236 0.0 3.141592653589793 0.0 3.141592653589793 1.999996899435321
1.067755901108215e-06 4.394226208406885e-06 0.029 0.049 0.0 0.0 0.039269908169872414 3.1098593944626236 0.0 3.141592653589793 0.0 3.141592653589793 2.0000022928660104
1.067755901108215e-06 4.394226208406885e-06 0.029 0.049 0.0 0.0 0.0 0.7298649599249014 0.0 3.141592653589793 0.0 3.141592653589793 1.9921696286589794
1.067755901108215e-06 4.394226208406885e-06 0.029 0.049 0.0 0.0 0.039269908169872414 0.7298649599249014 0.0 3.141592653589793 0.0 3.141592653589793 1.993264713118704
1.067755901108215e-06 4.394226208406885e-06 0.029 0.049 0.0 0.0 0.07853981633974483 0.7298649599249014 0.0 3.141592653589793 0.0 3.141592653589793 2.001199946348239
1.067755901108215e-06 4.394226208406885e-06 0.029 0.049 0.0 0.0 0.0 3.1098593944626236 0.0 3.141592653589793 0.0 3.141592653589793 1.9999989987352311
1.067755901108215e-06 4.394226208406885e-06 0.029 0.049 0.0 0.0 0.11780972450961724 0.7298649599249014 0.0 3.141592653589793 0.0 3.141592653589793 1.916656746262077
1.067755901108215e-06 4.394226208406885e-06 0.029 0.049 0.0 0.0 0.07853981633974483 1.4914631789769726 0.0 3.141592653589793 0.0 3.141592653589793 nan
1.067755901108215e-06 4.394226208406885e-06 0.029 0.049 0.0 0.0 0.0 1.4914631789769726 0.0 3.141592653589793 0.0 3.141592653589793 nan
1.067755901108215e-06 4.394226208406885e-06 0.029 0.049 0.0 0.0 0.11780972450961724 1.4914631789769726 0.0 3.141592653589793 0.0 3.141592653589793 nan
1.067755901108215e-06 4.394226208406885e-06 0.029 0.049 0.0 0.0 0.11780972450961724 3.141592653589793 0.0 3.141592653589793 0.0 3.141592653589793 2.000009478588813
1.067755901108215e-06 4.394226208406885e-06 0.029 0.049 0.0 0.0 0.07853981633974483 3.141592653589793 0.0 3.141592653589793 0.0 3.141592653589793 1.9999937026332988
1.067755901108215e-06 4.394226208406885e-06 0.029 0.049 0.0 0.0 0.0 2.284794657156213 0.0 3.141592653589793 0.0 3.141592653589793 nan
1.067755901108215e-06 4.394226208406885e-06 0.029 0.049 0.0 0.0 0.039269908169872414 3.141592653589793 0.0 3.141592653589793 0.0 3.141592653589793 1.9999927400377957
1.067755901108215e-06 4.394226208406885e-06 0.029 0.049 0.0 0.0 0.0 0.7615982190520711 0.0 3.141592653589793 0.0 3.141592653589793 1.9945013951191113
1.067755901108215e-06 4.394226208406885e-06 0.029 0.049 0.0 0.0 0.039269908169872414 0.7615982190520711 0.0 3.141592653589793 0.0 3.141592653589793 1.988876855570756
1.067755901108215e-06 4.394226208406885e-06 0.029 0.049 0.0 0.0 0.0 3.141592653589793 0.0 3.141592653589793 0.0 3.141592653589793 2.0000068584877004
1.067755901108215e-06 4.394226208406885e-06 0.029 0.049 0.0 0.0 0.07853981633974483 0.7615982190520711 0.0 3.141592653589793 0.0 3.141592653589793 1.9542750243998128
1.067755901108215e-06 4.394226208406885e-06 0.029 0.049 0.0 0.0 0.11780972450961724 0.7615982190520711 0.0 3.141592653589793 0.0 3.141592653589793 1.6418912383872066
1.067755901108215e-06 4.394226208406885e-06 0.029 0.049 0.0 0.0 0.07853981633974483 1.5231964381041423 0.0 3.141592653589793 0.0 3.141592653589793 nan
1.067755901108215e-06 4.394226208406885e-06 0.029 0.049 0.0 0.0 0.0 1.5231964381041423 0.0 3.141592653589793 0.0 3.141592653589793 nan
1.067755901108215e-06 4.394226208406885e-06 0.029 0.049 0.0 0.0 0.0 2.3165279162833827 0.0 3.141592653589793 0.0 3.141592653589793 nan
1.067755901108215e-06 4.394226208406885e-06 0.029 0.049 0.0 0.0 0.07853981633974483 1.5549296972313118 0.0 3.141592653589793 0.0 3.141592653589793 nan
1.067755901108215e-06 4.394226208406885e-06 0.029 0.049 0.0 0.0 0.0 1.5549296972313118 0.0 3.141592653589793 0.0 3.141592653589793 nan
1.067755901108215e-06 4.394226208406885e-06 0.029 0.049 0.0 0.0 0.0 2.3482611754105527 0.0 3.141592653589793 0.0 3.141592653589793 nan
1.067755901108215e-06 4.394226208406885e-06 0.029 0.049 0.0 0.0 0.07853981633974483 1.7453292519943295 0.0 3.141592653589793 0.0 3.141592653589793 10.0
1.067755901108215e-06 4.394226208406885e-06 0.029 0.049 0.0 0.0 0.11780972450961724 1.8405290293758385 0.0 3.141592653589793 0.0 3.141592653589793 10.0
1.067755901108215e-06 4.394226208406885e-06 0.029 0.049 0.0 0.0 0.07853981633974483 1.7770625111214993 0.0 3.141592653589793 0.0 3.141592653589793 10.0
1.067755901108215e-06 4.394226208406885e-06 0.029 0.049 0.0 0.0 0.07853981633974483 1.8087957702486688 0.0 3.141592653589793 0.0 3.141592653589793 10.0
1.067755901108215e-06 4.394226208406885e-06 0.029 0.049 0.0 0.0 0.07853981633974483 1.8405290293758385 0.0 3.141592653589793 0.0 3.141592653589793 nan
1.067755901108215e-06 4.394226208406885e-06 0.029 0.049 0.0 0.0 0.07853981633974483 1.872262288503008 0.0 3.141592653589793 0.0 3.141592653589793 nan
1.067755901108215e-06 4.394226208406885e-06 0.029 0.049 0.0 0.0 0.07853981633974483 1.9039955476301778 0.0 3.141592653589793 0.0 3.141592653589793 nan
1.067755901108215e-06 4.394226208406885e-06 0.029 0.049 0.0 0.0 0.07853981633974483 1.9357288067573473 0.0 3.141592653589793 0.0 3.141592653589793 nan
1.067755901108215e-06 4.394226208406885e-06 0.029 0.049 0.0 0.0 0.07853981633974483 1.967462065884517 0.0 3.141592653589793 0.0 3.141592653589793 nan
1.067755901108215e-06 4.394226208406885e-06 0.029 0.049 0.0 0.0 0.07853981633974483 1.9991953250116865 0.0 3.141592653589793 0.0 3.141592653589793 nan
1.067755901108215e-06 4.394226208406885e-06 0.029 0.049 0.0 0.0 0.07853981633974483 2.0309285841388562 0.0 3.141592653589793 0.0 3.141592653589793 nan
1.067755901108215e-06 4.394226208406885e-06 0.029 0.049 0.0 0.0 0.07853981633974483 2.0626618432660258 0.0 3.141592653589793 0.0 3.141592653589793 nan
1.067755901108215e-06 4.394226208406885e-06 0.029 0.049 0.0 0.0 0.07853981633974483 2.0943951023931957 0.0 3.141592653589793 0.0 3.141592653589793 nan
1.067755901108215e-06 4.394226208406885e-06 0.029 0.049 0.0 0.0 0.07853981633974483 2.126128361520365 0.0 3.141592653589793 0.0 3.141592653589793 nan
1.067755901108215e-06 4.394226208406885e-06 0.029 0.049 0.0 0.0 0.07853981633974483 2.1578616206475347 0.0 3.141592653589793 0.0 3.141592653589793 nan
1.067755901108215e-06 4.394226208406885e-06 0.029 0.049 0.0 0.0 0.11780972450961724 1.872262288503008 0.0 3.141592653589793 0.0 3.141592653589793 10.0
1.067755901108215e-06 4.394226208406885e-06 0.029 0.049 0.0 0.0 0.11780972450961724 1.9039955476301778 0.0 3.141592653589793 0.0 3.141592653589793 nan
1.067755901108215e-06 4.394226208406885e-06 0.029 0.049 0.0 0.0 0.11780972450961724 1.9357288067573473 0.0 3.141592653589793 0.0 3.141592653589793 nan
1.067755901108215e-06 4.394226208406885e-06 0.029 0.049 0.0 0.0 0.11780972450961724 1.967462065884517 0.0 3.141592653589793 0.0 3.141592653589793 nan
1.067755901108215e-06 4.394226208406885e-06 0.029 0.049 0.0 0.0 0.11780972450961724 1.9991953250116865 0.0 3.141592653589793 0.0 3.141592653589793 nan
1.067755901108215e-06 4.394226208406885e-06 0.029 0.049 0.0 0.0 0.11780972450961724 2.0309285841388562 0.0 3.141592653589793 0.0 3.141592653589793 nan
1.067755901108215e-06 4.394226208406885e-06 0.029 0.049 0.0 0.0 0.11780972450961724 2.0626618432660258 0.0 3.141592653589793 0.0 3.141592653589793 nan
1.067755901108215e-06 4.394226208406885e-06 0.029 0.049 0.0 0.0 0.07853981633974483 2.1895948797747042 0.0 3.141592653589793 0.0 3.141592653589793 10.0
1.067755901108215e-06 4.394226208406885e-06 0.029 0.049 0.0 0.0 0.11780972450961724 2.0943951023931957 0.0 3.141592653589793 0.0 3.141592653589793 nan
1.067755901108215e-06 4.394226208406885e-06 0.029 0.049 0.0 0.0 0.07853981633974483 2.221328138901874 0.0 3.141592653589793 0.0 3.141592653589793 nan
1.067755901108215e-06 4.394226208406885e-06 0.029 0.049 0.0 0.0 0.11780972450961724 2.126128361520365 0.0 3.141592653589793 0.0 3.141592653589793 nan
1.067755901108215e-06 4.394226208406885e-06 0.029 0.049 0.0 0.0 0.07853981633974483 2.2530613980290437 0.0 3.141592653589793 0.0 3.141592653589793 nan
1.067755901108215e-06 4.394226208406885e-06 0.029 0.049 0.0 0.0 0.11780972450961724 2.1578616206475347 0.0 3.141592653589793 0.0 3.141592653589793 nan
1.067755901108215e-06 4.394226208406885e-06 0.029 0.049 0.0 0.0 0.07853981633974483 2.284794657156213 0.0 3.141592653589793 0.0 3.141592653589793 nan
1.067755901108215e-06 4.394226208406885e-06 0.029 0.049 0.0 0.0 0.11780972450961724 2.1895948797747042 0.0 3.141592653589793 0.0 3.141592653589793 nan
1.067755901108215e-06 4.394226208406885e-06 0.029 0.049 0.0 0.0 0.07853981633974483 2.3165279162833827 0.0 3.141592653589793 0.0 3.141592653589793 nan
1.067755901108215e-06 4.394226208406885e-06 0.029 0.049 0.0 0.0 0.07853981633974483 2.3482611754105527 0.0 3.141592653589793 0.0 3.141592653589793 nan
1.067755901108215e-06 4.394226208406885e-06 0.029 0.049 0.0 0.0 0.039269908169872414 1.71359599286716 0.0 3.141592653589793 0.0 3.141592653589793 nan
1.067755901108215e-06 4.394226208406885e-06 0.029 0.049 0.0 0.0 0.039269908169872414 1.7453292519943295 0.0 3.141592653589793 0.0 3.141592653589793 nan
1.067755901108215e-06 4.394226208406885e-06 0.029 0.049 0.0 0.0 0.039269908169872414 1.7770625111214993 0.0 3.141592653589793 0.0 3.141592653589793 nan
1.067755901108215e-06 4.394226208406885e-06 0.029 0.049 0.0 0.0 0.039269908169872414 1.4914631789769726 0.0 3.141592653589793 0.0 3.141592653589793 2.000873588021627
1.067755901108215e-06 4.394226208406885e-06 0.029 0.049 0.0 0.0 0.039269908169872414 1.8087957702486688 0.0 3.141592653589793 0.0 3.141592653589793 nan
1.067755901108215e-06 4.394226208406885e-06 0.029 0.049 0.0 0.0 0.039269908169872414 1.5231964381041423 0.0 3.141592653589793 0.0 3.141592653589793 nan
1.067755901108215e-06 4.394226208406885e-06 0.029 0.049 0.0 0.0 0.039269908169872414 1.8405290293758385 0.0 3.141592653589793 0.0 3.141592653589793 nan
1.067755901108215e-06 4.394226208406885e-06 0.029 0.049 0.0 0.0 0.039269908169872414 1.5549296972313118 0.0 3.141592653589793 0.0 3.141592653589793 nan
1.067755901108215e-06 4.394226208406885e-06 0.029 0.049 0.0 0.0 0.039269908169872414 1.872262288503008 0.0 3.141592653589793 0.0 3.141592653589793 nan
1.067755901108215e-06 4.394226208406885e-06 0.029 0.049 0.0 0.0 0.039269908169872414 1.9039955476301778 0.0 3.141592653589793 0.0 3.141592653589793 nan
1.067755901108215e-06 4.394226208406885e-06 0.029 0.049 0.0 0.0 0.039269908169872414 1.9357288067573473 0.0 3.141592653589793 0.0 3.141592653589793 nan
1.067755901108215e-06 4.394226208406885e-06 0.029 0.049 0.0 0.0 0.11780972450961724 1.5231964381041423 0.0 3.141592653589793 0.0 3.141592653589793 50.274847997218885
1.067755901108215e-06 4.394226208406885e-06 0.029 0.049 0.0 0.0 0.11780972450961724 1.5549296972313118 0.0 3.141592653589793 0.0 3.141592653589793 10.0
1.067755901108215e-06 4.394226208406885e-06 0.029 0.049 0.0 0.0 0.11780972450961724 2.221328138901874 0.0 3.141592653589793 0.0 3.141592653589793 10.0
1.067755901108215e-06 4.394226208406885e-06 0.029 0.049 0.0 0.0 0.11780972450961724 2.2530613980290437 0.0 3.141592653589793 0.0 3.141592653589793 nan
1.067755901108215e-06 4.394226208406885e-06 0.029 0.049 0.0 0.0 0.11780972450961724 2.284794657156213 0.0 3.141592653589793 0.0 3.141592653589793 nan
1.067755901108215e-06 4.394226208406885e-06 0.029 0.049 0.0 0.0 0.11780972450961724 2.3165279162833827 0.0 3.141592653589793 0.0 3.141592653589793 nan
1.067755901108215e-06 4.394226208406885e-06 0.029 0.049 0.0 0.0 0.11780972450961724 2.3482611754105527 0.0 3.141592653589793 0.0 3.141592653589793 nan
1.067755901108215e-06 4.394226208406885e-06 0.029 0.049 0.0 0.0 0.039269908169872414 1.967462065884517 0.0 3.141592653589793 0.0 3.141592653589793 10.0
1.067755901108215e-06 4.394226208406885e-06 0.029 0.049 0.0 0.0 0.039269908169872414 1.9991953250116865 0.0 3.141592653589793 0.0 3.141592653589793 nan
1.067755901108215e-06 4.394226208406885e-06 0.029 0.049 0.0 0.0 0.039269908169872414 2.0309285841388562 0.0 3.141592653589793 0.0 3.141592653589793 nan
1.067755901108215e-06 4.394226208406885e-06 0.029 0.049 0.0 0.0 0.039269908169872414 2.0626618432660258 0.0 3.141592653589793 0.0 3.141592653589793 nan
1.067755901108215e-06 4.394226208406885e-06 0.029 0.049 0.0 0.0 0.039269908169872414 2.0943951023931957 0.0 3.141592653589793 0.0 3.141592653589793 nan
1.067755901108215e-06 4.394226208406885e-06 0.029 0.049 0.0 0.0 0.039269908169872414 2.126128361520365 0.0 3.141592653589793 0.0 3.141592653589793 nan
1.067755901108215e-06 4.394226208406885e-06 0.029 0.049 0.0 0.0 0.039269908169872414 2.1578616206475347 0.0 3.141592653589793 0.0 3.141592653589793 nan
1.067755901108215e-06 4.394226208406885e-06 0.029 0.049 0.0 0.0 0.039269908169872414 2.1895948797747042 0.0 3.141592653589793 0.0 3.141592653589793 nan
1.067755901108215e-06 4.394226208406885e-06 0.029 0.049 0.0 0.0 0.039269908169872414 2.221328138901874 0.0 3.141592653589793 0.0 3.141592653589793 nan
1.067755901108215e-06 4.394226208406885e-06 0.029 0.049 0.0 0.0 0.039269908169872414 2.2530613980290437 0.0 3.141592653589793 0.0 3.141592653589793 nan
1.067755901108215e-06 4.394226208406885e-06 0.029 0.049 0.0 0.0 0.039269908169872414 2.284794657156213 0.0 3.141592653589793 0.0 3.141592653589793 nan
1.067755901108215e-06 4.394226208406885e-06 0.029 0.049 0.0 0.0 0.039269908169872414 2.3165279162833827 0.0 3.141592653589793 0.0 3.141592653589793 nan
1.067755901108215e-06 4.394226208406885e-06 0.029 0.049 0.0 0.0 0.039269908169872414 2.3482611754105527 0.0 3.141592653589793 0.0 3.141592653589793 nan
